  0.08400000000000000522   0.62099999999999999645   0.15900000000000000244 120011.0
  0.05399999999999999939   0.625                    0.2000000000000000111  120011.0
  0.11400000000000000411   0.61699999999999999289   0.10899999999999999967 120011.0
  0.11400000000000000411   0.62600000000000000089   0.13900000000000001243 60.37612234996177
  0.2000000000000000111    0.64100000000000001421   0.07900000000000000078 108.70068129234483
  0.2000000000000000111    0.62900000000000000355   0.07900000000000000078 120011.0
  0.2000000000000000111    0.63400000000000000799   0.04900000000000000189 120011.0
  0.17399999999999998801   0.63200000000000000622   0.08899999999999999578 52.32128655868523
  0.2000000000000000111    0.6500000000000000222   -0.06099999999999999867 148.30095815307504
  0.14399999999999998912   0.6500000000000000222    0.19900000000000001021 120011.0
  0.12399999999999999911   0.61599999999999999201   0.2000000000000000111  120011.0
  0.18399999999999999689   0.6420000000000000151    0.01899999999999999953 120011.0
  0.10399999999999999523   0.61199999999999998845  -0.05099999999999999672 120011.0
  0.14399999999999998912   0.64700000000000001954  -0.11100000000000000144 76.66867663032973
  0.2000000000000000111    0.65200000000000002398   0.2000000000000000111  120011.0
  0.153999999999999998     0.63400000000000000799  -0.11100000000000000144 44.8432312346387
  0.09400000000000000022   0.64000000000000001332  -0.2000000000000000111  120011.0
  0.17399999999999998801   0.6420000000000000151   -0.2000000000000000111  211.33020348834907
  0.153999999999999998     0.61399999999999999023   0.18900000000000000133 54.833241259066845
  0.2000000000000000111    0.62700000000000000178  -0.03099999999999999978 120011.0
  0.13400000000000000799   0.62600000000000000089   0.09900000000000000466 146.69609351414582
  0.17399999999999998801   0.65400000000000002576  -0.10100000000000000644 120011.0
  0.16400000000000000688   0.63500000000000000888  -0.2000000000000000111  120011.0
  0.14399999999999998912   0.63300000000000000711   0.08899999999999999578 92.59952937771645
  0.13400000000004999579   0.61400000000004995027  -0.12099999999999999645 104.08945694420237
  0.09400000000000000022   0.61400000000004995027   0.08899999999999999578 47.9407535836466
  0.12399999999999999911   0.63900000000000001243  -0.14099999999999998646 80.50082855121902
  0.14399999999999998912   0.61999999999999999556   0.10899999999999999967 120011.0
  0.12399999999999999911   0.64400000000000001688  -0.01099999999999999936 120011.0
  0.2000000000000000111    0.64000000000000001332  -0.14099999999999998646 120011.0
  0.2000000000000000111    0.62600000000000000089  -0.01099999999999999936 120011.0
  0.08400000000000000522   0.63100000000000000533  -0.13100000000000000533 120011.0
  0.10399999999999999523   0.62600000000000000089  -0.2000000000000000111  122.49836207621217
  0.10399999999999999523   0.63200000000000000622  -0.07099999999999999367 120011.0
  0.13400000000000000799   0.62900000000000000355  -0.15099999999999999534 48.57571881999676
  0.10399999999999999523   0.63900000000000001243  -0.15099999999999999534 120011.0
  0.2000000000000000111    0.64100000000000001421  -0.11100000000000000144 114.1348210116996
  0.13400000000000000799   0.62600000000000000089  -0.09099999999999999756 66.36032516300553
  0.13400000000000000799   0.61199999999999998845  -0.12099999999999999645 123.86820030877574
  0.14399999999999998912   0.63800000000000001155  -0.11100000000000000144 47.704355024667336
  0.153999999999999998     0.64100000000000001421  -0.16100000000000000422 102.756502644102
  0.14399999999999998912   0.63000000000000000444  -0.11100000000000000144 49.480875783107656
  0.14399999999999998912   0.63700000000000001066  -0.14099999999999998646 45.657933076003225
  0.16400000000000000688   0.64400000000000001688  -0.09099999999999999756 73.32452883384006
  0.14399999999999998912   0.63300000000000000711  -0.14099999999999998646 45.278242242720516
  0.153999999999999998     0.63100000000000000533  -0.15099999999999999534 42.80353335346859
  0.153999999999999998     0.62800000000000000266  -0.1710000000000000131  45.52875920150737
  0.153999999999999998     0.62800000000000000266  -0.13100000000000000533 43.986037849572575
  0.16400000000000000688   0.62900000000000000355  -0.12099999999999999645 42.84747792396306
  0.16400000000000000688   0.625                   -0.16100000000000000422 66.16994167551563
  0.153999999999999998     0.63200000000000000622  -0.12099999999999999645 44.261589406803985
  0.16400000000000000688   0.62700000000000000178  -0.15099999999999999534 65.92137458900619
  0.153999999999999998     0.63100000000000000533  -0.13100000000000000533 43.2438109408073
  0.16400000000000000688   0.63300000000000000711  -0.14099999999999998646 47.133963760922256
  0.153999999999999998     0.62900000000000000355  -0.13100000000000000533 43.50037218185631
  0.16400000000000000688   0.63200000000000000622  -0.14099999999999998646 47.283047107835756
  0.153999999999999998     0.63000000000000000444  -0.13100000000000000533 43.68912320250276
  0.153999999999999998     0.62199999999999999734  -0.2000000000000000111  52.86719516481359
  0.16400000000000000688   0.64100000000000001421  -0.11100000000000000144 49.16205676679289
  0.13400000000000000799   0.62600000000000000089  -0.16100000000000000422 48.244765019275974
  0.153999999999999998     0.63000000000000000444  -0.10100000000000000644 46.42529640117512
  0.13400000000000000799   0.63500000000000000888  -0.15099999999999999534 47.300301440462675
  0.17399999999999998801   0.63700000000000001066  -0.19100000000000000311 120011.0
  0.14399999999999998912   0.63500000000000000888  -0.1710000000000000131  54.59835259552175
  0.153999999999999998     0.62900000000000000355  -0.15099999999999999534 42.20722564664915
  0.153999999999999998     0.62299999999999999822  -0.15099999999999999534 42.75153051816922
  0.13400000000000000799   0.62700000000000000178  -0.19100000000000000311 53.68072662974644
  0.16400000000000000688   0.62299999999999999822  -0.15099999999999999534 40.80176169066736
  0.16400000000000000688   0.61899999999999999467  -0.16100000000000000422 40.319948066325075
  0.153999999999999998     0.61799999999999999378  -0.19100000000000000311 40.55317508098119
  0.16400000000000000688   0.62099999999999999645  -0.18099999999999999423 44.95833509256618
  0.153999999999999998     0.62299999999999999822  -0.16100000000000000422 41.85872285990009
  0.16400000000000000688   0.61099999999999998757  -0.19100000000000000311 62.005920857537355
  0.153999999999999998     0.625                   -0.16100000000000000422 41.726428498910636
  0.16400000000000000688   0.61799999999999999378  -0.18099999999999999423 63.77140159493276
  0.153999999999999998     0.62199999999999999734  -0.1710000000000000131  41.0324657581958
  0.16400000000000000688   0.61399999999999999023  -0.19100000000000000311 62.60848398373096
  0.16400000000000000688   0.60699999999999998401  -0.19100000000000000311 39.14324081532936
  0.16400000000000000688   0.5999999999999999778   -0.2000000000000000111  39.10836602651858
  0.17399999999999998801   0.5999999999999999778   -0.08999999999999999667 33.77591616613531
  0.2000000000000000111    0.5999999999999999778    0.2000000000000000111  120011.0
  0.13400000000000000799   0.5999999999999999778   -0.11000000000000000056 113.4032713646701
  0.17399999999999998801   0.5999999999999999778   -0.16000000000000000333 41.78671198394207
  0.16400000000000000688   0.61099999999999998757  -0.16000000000000000333 41.42814535675401
  0.153999999999999998     0.60599999999999998312  -0.2000000000000000111  40.57187848615382
  0.17399999999999998801   0.5999999999999999778   -0.07000000000000000666 36.36399512714524
  0.16400000000000000688   0.61199999999999998845   0.11000000000000000056 43.30900758727062
  0.18399999999999999689   0.5999999999999999778   -0.2000000000000000111  120011.0
  0.16400000000000000688   0.61699999999999999289  -0.04000000000000000083 46.87382703554327
  0.17399999999999998801   0.5999999999999999778   -0.05000000000000000278 57.266944078884386
  0.16400000000000000688   0.60399999999999998135  -0.16000000000000000333 42.5918906863255
  0.17399999999999998801   0.5999999999999999778    0.01000000000000000021 120011.0
  0.16400000000000000688   0.5999999999999999778   -0.07000000000000000666 33.19715830142546
  0.13400000000000000799   0.5999999999999999778   -0.01000000000000000021 120011.0
  0.14399999999999998912   0.61199999999999998845  -0.2000000000000000111  42.14577393385461
  0.17399999999999998801   0.5999999999999999778    0.04000000000000000083 120011.0
  0.16400000000000000688   0.60399999999999998135  -0.13000000000000000444 44.10483313330326
  0.16400000000000000688   0.61999999999999999556  -0.17000000000000001221 63.920962513816484
  0.153999999999999998     0.5999999999999999778   -0.2000000000000000111  41.706686307473426
  0.14399999999999998912   0.60399999999999998135   0.02000000000000000042 120011.0
